# Pravilni peterokut stranice 3:
tx1="[0.0,0.0,2.853,4.616,2.853,0.0,0.0,2.853,4.616,2.853,-2.853,-2.853,0.0,1.763,0.0,-4.616,-4.616,-1.763,0.0,-1.763,-2.853,-2.853,0.0,1.763,0.0]"
ty1="[0.0,3.0,3.927,1.5,-0.927,-3.0,0.0,0.927,-1.5,-3.927,-3.927,-0.927,0.0,-2.427,-4.854,-1.5,1.5,2.427,0.0,-2.427,0.927,3.927,4.854,2.427,0.0]"
# Tlocrt pravilne piramide duljina 5
tx2="[0.0,-2.5,2.5,2.5,-2.5,2.5,0.0,5.0,5.0,0.0,-2.5,-5.0,0.0,0.0,-5.0,-2.5,-5.0,0.0,0.0,-5.0,2.5,0.0,5.0,5.0,0.0]"
ty2="[0.0,2.5,2.5,-2.5,-2.5,-2.5,0.0,0.0,-5.0,-5.0,-2.5,0.0,0.0,-5.0,-5.0,2.5,5.0,5.0,0.0,0.0,2.5,5.0,5.0,0.0,0.0]"
# Peterokut L udaljenost 2.5m
tx3="[0.0,0.0,0.0,2.5,5.0,0.0,0.0,0.0,2.5,5.0,0.0,0.0,0.0,2.5,5.0,-2.5,-2.5,-2.5,0.0,2.5,-5.0,-5.0,-5.0,-2.5,0.0]"
ty3="[0.0,2.5,5.0,0.0,0.0,-2.5,0.0,2.5,-2.5,-2.5,-5.0,-2.5,0.0,-5.0,-5.0,0.0,2.5,5.0,0.0,0.0,0.0,2.5,5.0,0.0,0.0]"
# Linija udaljenosti 2.5
tx4="[0.0,0.0,0.0,0.0,0.0,0.0,0.0,0.0,0.0,0.0,0.0,0.0,0.0,0.0,0.0,0.0,0.0,0.0,0.0,0.0,0.0,0.0,0.0,0.0,0.0]"
ty4="[0.0,2.5,5.0,7.5,10.0,-2.5,0.0,2.5,5.0,7.5,-5.0,-2.5,0.0,2.5,5.0,-7.5,-5.0,-2.5,0.0,2.5,-10.0,-7.5,-5.0,-2.5,0.0]"
# Linija udaljenosti 3
tx5="[0.0,0.0,0.0,0.0,0.0,0.0,0.0,0.0,0.0,0.0,0.0,0.0,0.0,0.0,0.0,0.0,0.0,0.0,0.0,0.0,0.0,0.0,0.0,0.0,0.0]"
ty5="[0.0,3.0,6.0,9.0,12.0,-3.0,0.0,3.0,6.0,9.0,-6.0,-3.0,0.0,3.0,6.0,-9.0,-6.0,-3.0,0.0,3.0,-12.0,-9.0,-6.0,-3.0,0.0]"



# Choose formations
tx=(tx1 tx2 tx3 tx4 tx5)
ty=(ty1 ty2 ty3 ty4 ty5)